1 -1 0.0 0.0
101 -1 5.413389878084791E13 9.169299110629364E10
201 -1 1.988214697050677E14 1.2039616916334244E11
301 -1 2.937036949936337E14 9.71716685483746E10
401 -1 3.494078518761325E15 7.522553756333274E11
501 -1 8.530616726559835E14 1.3156333293989597E11
601 -1 6.449265995685781E15 7.572122292932207E11
701 -1 7.587180257775269E14 7.072934347282545E10
801 -1 4.15133025281746E16 3.1687845084709536E12
901 -1 5.2545310417122536E16 3.3623743160484956E12
1001 -1 2.7302325174126405E15 1.4920517483498798E11