10 1.1040654385143984E-12 4.944876870682748E-16 6.127037655890173E-12 2.7441712903522287E-15
10 2.1251643102826E-12 1.3474252574531688E-15 2.638028063978935E-12 1.6725980321036092E-15
10 5.041090397198842E-12 2.341518291194951E-15 2.3855348314719878E-11 1.1080486565521903E-14
10 5.89700816206591E-12 2.8224442841523664E-15 7.148723817527975E-12 3.4215443023394278E-15
10 1.1732349458128677E-12 5.661491518877015E-16 9.85622921613352E-12 4.756162294210088E-15
100 1.0639105662849185E-10 1.8484605842724755E-14 4.771490020870843E-9 8.290087072475983E-13
100 1.3270383048832643E-10 2.3513529224750506E-14 4.7107150937418486E-9 8.34682289264559E-13
100 4.661162678730991E-11 7.648091828247658E-15 7.1033356185695085E-9 1.1655238583621498E-12
100 9.934230164753135E-11 1.700490804100304E-14 5.466116670161616E-9 9.356619463809438E-13
100 2.415071918204215E-10 4.2158858945983176E-14 5.805294332677131E-8 1.0134049552165572E-11
1000 5.101204477848345E-9 2.826927032514933E-13 8.423412807188074E-6 4.667990368564165E-10
1000 1.0556987179419156E-8 5.691413658970735E-13 3.6508223291248224E-6 1.968207379370862E-10
1000 1.0997640099500332E-7 6.085217667061314E-12 1.5767304806151315E-6 8.724370037594887E-11
1000 7.824561962714169E-9 4.2547980740684643E-13 3.699594562928555E-6 2.0117455643130162E-10
1000 5.148999210857163E-7 2.7672265982860368E-11 2.6994877007797787E-5 1.4507856500720385E-9