10 0 0.009456740516797653 4.819601244540324E-4
10 10 0.022755781458900958 0.0011597420109497267
10 20 0.005878657435309905 2.996041251329608E-4
10 30 0.004350446866484305 2.217193027002345E-4
10 40 0.01825467423463551 9.303443454290775E-4
10 50 0.006137327876756753 3.127871915320925E-4
10 60 0.0011120596066238329 5.667580552270671E-5
10 70 0.005176347961430577 2.638111200446972E-4
10 80 0.01882349024732621 9.593338937603339E-4
10 90 0.00318390583334712 1.6226686657672324E-4
10 100 0.012668392864692159 6.456410843518815E-4
100 0 4.082055664074373E-4 7.017716701385598E-7
100 10 4.4549889601798887E-4 7.65884960988941E-7
100 20 4.648770769016567E-4 7.991992013670479E-7
100 30 3.810751665939572E-4 6.551301062907281E-7
100 40 2.7297538652164467E-4 4.692890265852172E-7
100 50 4.0346194190471945E-4 6.936166091503423E-7
100 60 4.7837624815505735E-4 8.224064693113804E-7
100 70 3.632497941875473E-4 6.244853958949804E-7
100 80 3.89584389537929E-4 6.697588426147501E-7
100 90 4.7154050711690863E-4 8.106547201934171E-7
100 100 3.967124665443706E-4 6.82013164743944E-7
1000 0 1.2872186259736633E-5 7.045103171481677E-10
1000 10 1.253984284453765E-5 6.863207602135921E-10
1000 20 1.1806419937874623E-5 6.46179637784909E-10
1000 30 1.1367241375564965E-5 6.22142864079633E-10
1000 40 1.171634293596807E-5 6.412496145627124E-10
1000 50 1.0049288475177419E-5 5.50009708366784E-10
1000 60 1.1165955382503777E-5 6.111262383140015E-10
1000 70 1.2461121471966654E-5 6.820122443144859E-10
1000 80 1.1969692314620381E-5 6.55115732369128E-10
1000 90 1.1397875095757401E-5 6.238194846235501E-10
1000 100 1.0031704476182846E-5 5.490473148418279E-10