Метод дихотомии
0.5 4.0 1.0 2.2325 1.429377966231483 2.2675 1.4488220969928456
0.5 2.2675 1.9801980198019802 1.3749125 1.056522407269981 1.3925875 1.0614239725300605
0.5 1.3925875 1.9801980198019802 0.9418308125 1.0017604376013611 0.9507566875000001 1.001253785777917
0.9418308125 1.3925875 1.98019801980198 1.1649553728125 1.012272593127265 1.1694629396875 1.0129183221705977
0.9418308125 1.1694629396875 1.9801980198019802 1.0545087154578126 1.0014337295407543 1.0567850367296876 1.0015537216409593
0.9418308125 1.0567850367296876 1.9801980198019788 0.9987331534936953 1.0000008031284005 0.9998826957359922 1.0000000068806834
0.9987331534936953 1.0567850367296876 1.9801980198019777 1.0274688356955115 1.000370498990576 1.0280493545278715 1.0003861784062327
0.9987331534936953 1.0280493545278715 1.9801980198019742 1.0132446730056126 1.0000869438278541 1.0135378350159543 1.0000908177560006
0.9987331534936953 1.0135378350159543 1.980198019801978 1.0060614708472135 1.0000182968145708 1.0062095176624362 1.0000191996155576
0.9987331534936953 1.0062095176624362 1.9801980198019609 1.002433953757222 1.0000029572678495 1.0025087173989093 1.0000031415783692
0.9987331534936953 1.0025087173989093 1.9801980198020253 1.0006020576267762 1.0000001811639825 1.0006398132658283 1.0000002045932446
0.9987331534936953 1.0006398132658283 1.9801980198020788 0.9996769500809012 1.0000000521918657 0.9996960166786225 1.0000000462122953
0.9996769500809012 1.0006398132658283 1.9801980198020954 1.0001535673574402 1.0000000117902597 1.0001631959892894 1.0000000133150169
0.9996769500809012 1.0001631959892894 1.9801980198019644 0.9999176418055533 1.0000000033916223 0.9999225042646371 1.0000000030029497
0.9999176418055533 1.0001631959892894 1.9801980198017788 1.0000391911265027 1.0000000007679521 1.0000416466683402 1.0000000008671983
0.9999176418055533 1.0000416466683402 1.9801980197997286 0.9999790242126328 1.000000000219995 0.9999802642612606 1.0000000001947522
0.9999790242126328 1.0000416466683402 1.9801980198033493 1.000010022328208 1.0000000000502232 1.0000106485527651 1.0000000000566955
0.9999790242126328 1.0000106485527651 1.980198019797705 0.9999946782609983 1.0000000000141605 0.9999949945043995 1.0000000000125275
0.9999946782609983 1.0000106485527651 1.9801980197999842 1.000002583555423 1.0000000000033373 1.0000027432583405 1.0000000000037628
Точка минимума: 0.9999987107596694; Минимум: 1.0000000000008311

Метод золотого сечения
0.5 4.0 1.0 1.8368810393753678 2.663118960624632 1.2288119933365165 1.6836209831328193
0.5 2.663118960624632 1.6180339887498947 1.3262379212492639 1.8368810393753678 1.043891617791042 1.2288119933365165
0.5 1.8368810393753678 1.6180339887498951 1.010643118126104 1.3262379212492639 1.0000562392926908 1.043891617791042
0.5 1.3262379212492639 1.6180339887498947 0.8155948031231598 1.010643118126104 1.0194324152703684 1.0000562392926908
0.8155948031231598 1.3262379212492639 1.6180339887498947 1.010643118126104 1.1311896062463196 1.0000562392926908 1.0079197783830285
0.8155948031231598 1.1311896062463196 1.6180339887498951 0.9361412912433753 1.010643118126104 1.0021301529569615 1.0000562392926908
0.9361412912433753 1.1311896062463196 1.6180339887498942 1.010643118126104 1.056687779363591 1.0000562392926908 1.001548499871843
0.9361412912433753 1.056687779363591 1.6180339887498947 0.9821859524808623 1.010643118126104 1.0001605800565856 1.0000562392926908
0.9821859524808623 1.056687779363591 1.6180339887498951 1.010643118126104 1.0282306137183492 1.0000562392926908 1.000391139433283
0.9821859524808623 1.0282306137183492 1.618033988749894 0.9997734480731075 1.010643118126104 1.0000000256667645 1.0000562392926908
0.9821859524808623 1.010643118126104 1.618033988749897 0.9930556225338588 0.9997734480731075 1.0000242244032713 1.0000000256667645
0.9930556225338588 1.010643118126104 1.6180339887498998 0.9997734480731075 1.0039252925868554 1.0000000256667645 1.000007683859911
0.9930556225338588 1.0039252925868554 1.6180339887498822 0.9972074670476067 0.9997734480731075 1.00000390639433 1.0000000256667645
0.9972074670476067 1.0039252925868554 1.6180339887499013 0.9997734480731075 1.0013593115613544 1.0000000256667645 1.0000009230276004
0.9972074670476067 1.0013593115613544 1.6180339887499213 0.9987933305358535 0.9997734480731075 1.0000007286117858 1.0000000256667645
0.9987933305358535 1.0013593115613544 1.6180339887498956 0.9997734480731075 1.0003791940241002 1.0000000256667645 1.0000000718758846
0.9987933305358535 1.0003791940241002 1.6180339887500064 0.9993990764868463 0.9997734480731075 1.0000001806268999 1.0000000256667645
0.9993990764868463 1.0003791940241002 1.6180339887499693 0.9997734480731075 1.000004822437839 1.0000000256667645 1.0000000000116278
0.9997734480731075 1.0003791940241002 1.6180339887499968 1.000004822437839 1.0001478196593687 1.0000000000116278 1.0000000109242493
0.9997734480731075 1.0001478196593687 1.618033988749628 0.9999164452946371 1.000004822437839 1.000000003490889 1.0000000000116278
0.9999164452946371 1.0001478196593687 1.6180339887498167 1.000004822437839 1.0000594425161666 1.0000000000116278 1.0000000017666364
0.9999164452946371 1.0000594425161666 1.6180339887500992 0.9999710653729645 1.000004822437839 1.0000000004186145 1.0000000000116278
0.9999710653729645 1.0000594425161666 1.6180339887493598 1.000004822437839 1.0000256854512921 1.0000000000116278 1.0000000003298655
0.9999710653729645 1.0000256854512921 1.6180339887480066 0.9999919283864175 1.000004822437839 1.0000000000325757 1.0000000000116278
0.9999919283864175 1.0000256854512921 1.618033988749517 1.000004822437839 1.0000127913998704 1.0000000000116278 1.0000000000818092
0.9999919283864175 1.0000127913998704 1.6180339887508843 0.9999998973484487 1.000004822437839 1.0000000000000053 1.0000000000116278
Точка минимума: 0.9999983754121282; Минимум: 1.0000000000013196

Метод Фибоначчи
0.5 4.0 1.0 1.8368810393812873 2.6631189606187124 1.2288119933392134 1.6836209831291225
0.5 2.6631189606187124 1.6180339887543227 1.3262379212374251 1.8368810393812873 1.0438916177881299 1.2288119933392134
0.5 1.8368810393812873 1.6180339887383028 1.0106431181438624 1.3262379212374251 1.0000562392928778 1.0438916177881299
0.5 1.3262379212374251 1.618033988780243 0.8155948030935627 1.0106431181438624 1.0194324152770602 1.0000562392928778
0.8155948030935627 1.3262379212374251 1.6180339886704413 1.0106431181438624 1.1311896061871256 1.0000562392928778 1.0079197783761635
0.8155948030935627 1.1311896061871256 1.6180339889579058 0.9361412911368259 1.0106431181438624 1.0021301529642297 1.0000562392928778
0.9361412911368259 1.1311896061871256 1.6180339882053132 1.0106431181438624 1.0566877791800888 1.0000562392928778 1.0015484998619988
0.9361412911368259 1.0566877791800888 1.6180339901756309 0.9821859521730523 1.0106431181438624 1.0001605800621685 1.0000562392928778
0.9821859521730523 1.0566877791800888 1.6180339850172742 1.0106431181438624 1.0282306132092789 1.0000562392928778 1.0003911394193064
0.9821859521730523 1.0282306132092789 1.6180339985220145 0.999773447238469 1.0106431181438624 1.0000000256669537 1.0000562392928778
0.9821859521730523 1.0106431181438624 1.6180339631661413 0.9930556230784457 0.999773447238469 1.0000242243994633 1.0000000256669537
0.9930556230784457 1.0106431181438624 1.6180340557290134 0.999773447238469 1.0039252939838395 1.0000000256669537 1.000007683865373
0.9930556230784457 1.0039252939838395 1.618033813396272 0.9972074698238163 0.999773447238469 1.0000039063865556 1.0000000256669537
0.9972074698238163 1.0039252939838395 1.6180344478317163 0.999773447238469 1.0013593165691865 1.0000000256669537 1.0000009230343982
0.9972074698238163 1.0013593165691865 1.6180327868590618 0.9987933391545338 0.999773447238469 1.0000007286013735 1.0000000256669537
0.9987933391545338 1.0013593165691865 1.6180371353472054 0.999773447238469 1.0003792084852516 1.0000000256669537 1.0000000718813662
0.9987933391545338 1.0003792084852516 1.6180257508929017 0.9993991004013165 0.999773447238469 1.0000001806125207 1.0000000256669537
0.9993991004013165 1.0003792084852516 1.6180555560266041 0.999773447238469 1.0000048616480992 1.0000000256669537 1.0000000000118179
0.999773447238469 1.0003792084852516 1.6179775268567524 1.0000048616480992 1.0001477940756214 1.0000000000118179 1.0000000109204685
0.999773447238469 1.0001477940756214 1.618181821410798 0.9999163796659911 1.0000048616480992 1.000000003496375 1.0000000000118179
0.9999163796659911 1.0001477940756214 1.6176470503739935 1.0000048616480992 1.000059312093513 1.0000000000118179 1.0000000017588926
0.9999163796659911 1.000059312093513 1.6190476411990316 0.999970830111405 1.0000048616480992 1.0000000004254495 1.0000000000118179
0.999970830111405 1.000059312093513 1.615384557585281 1.0000048616480992 1.0000252805568186 1.0000000000118179 1.000000000319548
0.999970830111405 1.0000252805568186 1.625000152633008 0.9999912490201244 1.0000048616480992 1.00000000003829 1.0000000000118179
0.9999912490201244 1.0000252805568186 1.5999996092700344 1.0000048616480992 1.0000116679288436 1.0000000000118179 1.0000000000680698
0.9999912490201244 1.0000116679288436 1.6666677520465134 0.9999980553008685 1.0000048616480992 1.000000000001891 1.0000000000118179
Точка минимума: 0.9999980553341118; Минимум: 1.000000000001891

Метод парабол
0.5 4.0 1.0 1.302100204791232 1.0381217017610458
0.5 1.375 4.0 1.090635671556107 1.003874960387431
0.5 1.302100204791232 1.0908861446154874 1.0617297712997338 1.0018303334953371
0.5 1.090635671556107 1.3580287195962852 1.0253973802931569 1.0003171547435108
0.5 1.0617297712997338 1.0514587293272537 1.0149398920072312 1.0001105009643452
0.5 1.0253973802931569 1.0691522119625043 1.0070139697920681 1.0000244834685825
0.5 1.0149398920072312 1.0203081727561685 1.0038443090079425 1.0000073704723311
0.5 1.0070139697920681 1.015632551936219 1.0019082396357075 1.000001818376356
0.5 1.0038443090079425 1.0062909528349473 1.0010128229424828 1.0000005125590978
0.5 1.0019082396357075 1.003857416992477 1.000514787717988 1.0000001324577408
0.5 1.0010128229424828 1.001787213125536 1.0002693478259799 1.0000000362676134
0.5 1.000514787717988 1.0009950459740968 1.0001382937001395 1.000000009561692
0.5 1.0002693478259799 1.0004906154915842 1.0000719029571794 1.0000000025848936
0.5 1.0001382937001395 1.0002620357758867 1.000037078629975 1.0000000006873955
0.5 1.0000719029571794 1.0001327623939027 1.0000192249996949 1.000000000184798
0.5 1.000037078629975 1.0000696434898384 1.0000099324728582 1.0000000000493268
Точка минимума: 1.0000099324728582; Минимум: 1.0000000000493268

Метод Брента
0.5 4.0 1.0 1.8368810393753683 1.228811993336517
0.5 2.663118960624632 1.6180339887498947 1.3262379212492643 1.043891617791042
0.5 1.8368810393753683 1.6180339887498947 1.0106431181261044 1.0000562392926908
0.5 1.3262379212492643 1.6180339887498945 0.9113959584920743 1.0041737930496153
0.9113959584920743 1.3262379212492643 1.9916932119349444 1.0087254473777945 1.0000378467222528
0.9113959584920743 1.0106431181261044 4.179887507984138 1.0005465034672385 1.0000001492786348
0.9113959584920743 1.0087254473777945 1.01970287494843 0.999965560672824 1.0000000005930472
0.9113959584920743 1.0005465034672385 1.0917430612772414 0.9999985181217655 1.000000000001098
0.999965560672824 1.0005465034672385 153.4583883857643 1.0000000065233976 1.0
0.9999985181217655 1.0005465034672385 1.060142938517909 1.0003377602094392 1.0000000570281387
0.9999985181217655 1.0003377602094392 1.6153224065762009 1.000208749781197 1.0000000217852039
0.9999985181217655 1.000208749781197 1.613658421339933 1.00012901695164 1.0000000083219711
0.9999985181217655 1.00012901695164 1.610985015219949 1.0000797393529546 1.0000000031790133
0.9999985181217655 1.0000797393529546 1.6067083441600403 1.000049284122083 1.0000000012144223
0.9999985181217655 1.000049284122083 1.5999139321835807 1.000030461754269 1.0000000004639498
0.9999985181217655 1.000030461754269 1.5892369257589476 1.0000188288912113 1.0000000001772613
Точка минимума: 1.0000086735064884; Минимум: 1.0000000000376146